bilayer                [  m1   m1']   [  n1   n1']    angle (deg)     N     e (%)
                       [  m2   m2']   [  n2   n2']                               

Gr/Gr                  [  -1     0]   [  -1     0]            0.0     4      0.00
                       [   0    -1]   [   0    -1]                           0.00

Gr/Gr                  [  -9    -4]   [  -9    -3]            7.2   248      0.81
                       [   4    -5]   [   3    -6]                           0.81

Gr/Gr                  [  -9    -5]   [  -9    -4]            7.3   244      0.00
                       [   5    -4]   [   4    -5]                           0.00

Gr/Gr                  [  -8    -4]   [  -8    -3]            8.2   194      0.52
                       [   4    -4]   [   3    -5]                           0.52

Gr/Gr                  [  -7    -4]   [  -7    -3]            9.4   148      0.00
                       [   4    -3]   [   3    -4]                           0.00

Gr/Gr                  [  -6    -3]   [  -6    -2]           10.9   110      0.91
                       [   3    -3]   [   2    -4]                           0.91

Gr/Gr                  [  -9    -1]   [  -8     1]           11.6   292      0.00
                       [   1    -8]   [  -1    -9]                           0.00

Gr/Gr                  [  -5    -3]   [  -5    -2]           13.2    76      0.00
                       [   3    -2]   [   2    -3]                           0.00

Gr/Gr                  [  -9    -5]   [  -9    -3]           14.6   248      0.81
                       [   5    -4]   [   3    -6]                           0.81

Gr/Gr                  [  -7    -1]   [  -6     1]           15.2   172     -0.00
                       [   1    -6]   [  -1    -7]                           0.00

Gr/Gr                  [  -8    -5]   [  -8    -3]           16.4   196      0.00
                       [   5    -3]   [   3    -5]                          -0.00

Gr/Gr                  [  -6    -1]   [  -5     1]           17.9   124      0.00
                       [   1    -5]   [  -1    -6]                           0.00

Gr/Gr                  [  -9    -3]   [  -8     0]           19.1   254      0.39
                       [   3    -6]   [   0    -8]                           0.39

Gr/Gr                  [  -3    -2]   [  -3    -1]           21.8    28      0.00
                       [   2    -1]   [   1    -2]                           0.00

Gr/Gr                  [  -9    -8]   [ -10    -5]           24.2   296      0.68
                       [   8    -1]   [   5    -5]                           0.68

Gr/Gr                  [  -9    -2]   [  -7     2]           24.4   268      0.00
                       [   2    -7]   [  -2    -9]                          -0.00

Gr/Gr                  [  -6     0]   [  -4     3]           25.3   146      0.68
                       [   0    -6]   [  -3    -7]                           0.68

Gr/Gr                  [  -4    -1]   [  -3     1]           27.8    52      0.00
                       [   1    -3]   [  -1    -4]                           0.00

Gr/Gr                  [  -8    -4]   [  -7     0]           30.0   194      0.52
                       [   4    -4]   [   0    -7]                           0.52

