bilayer                [  m1   m1']   [  n1   n1']    angle (deg)     N     e (%)
                       [  m2   m2']   [  n2   n2']                               

Ph/HfSe2               [  -4     2]   [  -7     5]            1.5    93      0.81
                       [   4    -5]   [   4    -5]                          -0.40

Ph/HfSe2               [  -4     2]   [  -7     4]            1.6    31      0.81
                       [   4    -3]   [   4    -3]                           0.25

Ph/HfSe2               [  -4     4]   [  -1     3]            9.8    93      0.08
                       [  -5     2]   [  -6     3]                           0.55

Ph/HfSe2               [  -4     4]   [  -1     3]            9.9    93      0.08
                       [  -5     2]   [  -6     3]                           0.55

Ph/HfSe2               [  -4     0]   [  -7     2]           10.9    93      0.81
                       [   4    -3]   [   3    -3]                          -0.18

Ph/HfSe2               [  -3    -2]   [  -4     1]           26.1   100     -0.35
                       [   2    -3]   [   0    -4]                           0.25

