bilayer                [  m1   m1']   [  n1   n1']    angle (deg)     N     e (%)
                       [  m2   m2']   [  n2   n2']                               

Gr/hBN                 [  -1     0]   [  -1     0]            0.0     4      0.90
                       [   0    -1]   [   0    -1]                           0.90

Gr/hBN                 [  -5    -3]   [  -5    -2]           13.2    76      0.90
                       [   3    -2]   [   2    -3]                           0.90

Gr/hBN                 [  -3    -2]   [  -3    -1]           21.8    28      0.90
                       [   2    -1]   [   1    -2]                           0.90

Gr/hBN                 [  -4    -1]   [  -3     1]           27.8    52      0.90
                       [   1    -3]   [  -1    -4]                           0.90

