bilayer                [  m1   m1']   [  n1   n1']    angle (deg)     N     e (%)
                       [  m2   m2']   [  n2   n2']                               

Gr/hBN                 [  -1     0]   [  -1     0]            0.0     4      0.90
                       [   0    -1]   [   0    -1]                           0.90

Gr/hBN                 [  -5    -3]   [  -5    -2]           13.2    76      0.90
                       [   3    -2]   [   2    -3]                           0.90

Gr/hBN                 [  -3    -2]   [  -3    -1]           21.8    28      0.90
                       [   2    -1]   [   1    -2]                           0.90

Gr/hBN                 [  -4    -1]   [  -3     1]           27.8    52      0.90
                       [   1    -3]   [  -1    -4]                           0.90

Gr/HfS2                [  -6    -2]   [  -4    -1]            5.2    95      0.07
                       [   2    -4]   [   1    -3]                           0.07

Gr/HfS2                [  -6    -3]   [  -4    -1]           16.1    93      0.98
                       [   3    -3]   [   1    -3]                           0.98

Gr/HfS2                [  -5    -2]   [  -3     0]           23.4    65      0.58
                       [   2    -3]   [   0    -3]                           0.58

Gr/HfS2                [  -6    -4]   [  -4    -1]           27.0    95      0.07
                       [   4    -2]   [   1    -3]                           0.07

Gr/HfS2                [  -5     0]   [  -2     2]           30.0    86      0.91
                       [   0    -5]   [  -2    -4]                           0.91

Gr/MoS2                [  -5    -4]   [  -4    -3]            3.0    81      0.45
                       [   4    -1]   [   3    -1]                           0.45

Gr/MoS2                [  -5    -3]   [  -4    -2]            6.6    74      0.95
                       [   3    -2]   [   2    -2]                           0.95

Gr/MoS2                [  -5    -1]   [  -3     1]           24.8    81      0.45
                       [   1    -4]   [  -1    -4]                           0.45

hBN/HfS2               [  -6    -2]   [  -4    -1]            5.2    95     -0.83
                       [   2    -4]   [   1    -3]                          -0.83

hBN/HfS2               [  -6    -3]   [  -4    -1]           16.1    93      0.08
                       [   3    -3]   [   1    -3]                           0.08

hBN/HfS2               [  -5    -2]   [  -3     0]           23.4    65     -0.33
                       [   2    -3]   [   0    -3]                          -0.33

hBN/HfS2               [  -6    -4]   [  -4    -1]           27.0    95     -0.83
                       [   4    -2]   [   1    -3]                          -0.83

hBN/HfS2               [  -5     0]   [  -2     2]           30.0    86      0.00
                       [   0    -5]   [  -2    -4]                           0.00

hBN/MoS2               [  -5     0]   [  -4     0]            0.0    98      0.38
                       [   0    -5]   [   0    -4]                           0.38

hBN/MoS2               [  -5    -4]   [  -4    -3]            3.0    81     -0.45
                       [   4    -1]   [   3    -1]                          -0.45

hBN/MoS2               [  -5    -3]   [  -4    -2]            6.6    74      0.05
                       [   3    -2]   [   2    -2]                           0.05

hBN/MoS2               [  -5    -1]   [  -3     1]           24.8    81     -0.45
                       [   1    -4]   [  -1    -4]                          -0.45

HfS2/MoS2              [  -3    -1]   [  -3     0]           19.1    48     -0.53
                       [   1    -2]   [   0    -3]                          -0.53

HfS2/MoS2              [  -2    -1]   [  -2     0]           30.0    21      0.38
                       [   1    -1]   [   0    -2]                           0.38

